Dataset shape: (300, 2)

Columns:
['x', 'y']

Data types:
x    float64
y    float64
dtype: object

Missing values:
x    0
y    0
dtype: int64

Descriptive statistics:
                x           y
count  300.000000  300.000000
mean     5.000000    0.465705
std      2.901229    0.726711
min      0.000000   -1.488851
25%      2.500000   -0.021091
50%      5.000000    0.452895
75%      7.500000    0.988865
max     10.000000    2.655266

First rows:
           x         y
0   0.000000  0.798686
1   0.033445  0.644703
2   0.066890  1.057624
3   0.100334  1.503789
4   0.133779  0.893427
5   0.167224  0.981453
6   0.200669  1.789381
7   0.234114  1.540939
8   0.267559  1.115291
9   0.301003  1.581306
10  0.334448  1.231513
11  0.367893  1.273985
12  0.401338  1.590751
13  0.434783  0.752234
14  0.468227  0.840756
15  0.501672  1.308405
16  0.535117  1.120141
17  0.568562  1.632346
18  0.602007  1.114414
19  0.635452  0.873589

Last rows:
             x         y
280   9.364548  0.164581
281   9.397993  0.376382
282   9.431438  0.741344
283   9.464883 -0.388724
284   9.498328  0.964309
285   9.531773 -0.658567
286   9.565217  0.080443
287   9.598662  0.404206
288   9.632107  0.318719
289   9.665552  0.004963
290   9.698997  0.228927
291   9.732441  0.183159
292   9.765886  0.221940
293   9.799331  0.882519
294   9.832776  0.776107
295   9.866221  0.449840
296   9.899666  1.180636
297   9.933110  1.034273
298   9.966555  1.320299
299  10.000000  1.320485

Unique x values:
300

Value counts of x:
x
0.000000     1
0.033445     1
0.066890     1
0.100334     1
0.133779     1
            ..
9.866221     1
9.899666     1
9.933110     1
9.966555     1
10.000000    1
Name: count, Length: 300, dtype: int64
